0 hi. 1 0 0.010000 4 0 0.010000 0 0.010000 1870209034 0.010000 3 0.010000 
1  how 2 1870209034 0.010000 2 0.010000 0 
2  are 2 3 0.010000 3 0.010000 0 
3  you? 0 3 4 0.010000 5 0.010000 7 0.010000 
4 I'm 2 0 0.010000 5 0.010000 3 4 0.010000 5 0.010000 7 0.010000 
5  fine, 2 0 0.010000 7 0.010000 3 4 0.010000 5 0.010000 7 0.010000 
6  and 1 3 0.010000 3 4 0.010000 5 0.010000 7 0.010000 
7  too 0 0 
8 what's 1 0 0.010000 4 11 0.010000 12 0.010000 13 0.010000 14 0.010000 
9  your 1 0 0.010000 4 11 0.010000 12 0.010000 13 0.010000 14 0.010000 
10  name? 0 4 11 0.010000 12 0.010000 13 0.010000 14 0.010000 
11 My 1 12 0.010000 0 
12  name 1 13 0.020000 5 17 0.010000 18 0.010000 1 0.010000 2 0.010000 3 0.010000 
13  is 2 14 0.010000 0 0.010000 5 17 0.010000 18 0.010000 1 0.010000 2 0.010000 3 0.010000 
14  kev. 0 0 
15 my 1 12 0.010000 5 17 0.010000 18 0.010000 1 0.010000 2 0.010000 3 0.010000 
16  Eric 0 5 17 0.010000 18 0.010000 1 0.010000 2 0.010000 3 0.010000 
17 Hi 1 18 0.010000 0 
18  Eric, 1 1 0.010000 0 
